$ANSIBLE_VAULT;1.1;AES256
31636538643064373731613038646130623565666361616431396236313266343537303262353162
3638393036306364623730616339643630386337623566300a336533376235373361646166623164
64343865306362666534366465336166373333623232333137663664316131656637396138623461
6430303331306262380a633430663035383538633261656566323063316663636335313164353262
34336636633762326630616662353730626166326565373136393639333365666539343933393462
32353635646638666562623562306164643237656466336632656133646433353730653863353239
32346134663037363662626433376463643964616265383562323666643333633435343332336636
36343738393933373234373165666334306432303331363235643064643430393362376432353466
38303637633138336264373636643239666564316337353663316430313435626334333866393039
63376265663532306664363261393238343533613234326633376463353866333936333133383664
32643233646235333738383038396433623133313137626134663733653630613264663664643139
34666631393466336337346462366462306536646238353230336632383361323065616666646135
65323437343836336436646532303035383362663430613063303864663332663935383434643664
33313639633339663838396539643338623065353230373365323031343835663866363737666137
36623734343531313731646432363530623665663631346431636439626462396139343131343434
64303366663738376266663661643564626339663936323436383738633162626361373532386165
39623865333835643166643065656638353331633662303362373932333631653662393163366637
32316564343836363432393036343364333734393832346266366464343733343163313333326633
36343435386361646264373961323337666233373732613265313134396137313362626335373738
36643566396666663339636630336130613034306231396563653836393932353764366634373330
32386161663031666562613732633661383033336332383961356561623166636338326261353330
30336435316561343066373731373965326332383934373862633939353136643064336337376564
65636133366235366434613262653838623336383439613332636135356162343538333333303231
39363761313963346266323534323936643832356537666331333835396233393738636464666162
35633365343733666631626434376539623763653137356235336233303266393131633132356531
30633534353761363637346532653565356463653539336137373130613566306462303934393962
61323439366230383831663530623733616664326331336438393765343865663437316635316366
32326538663165363732323666656266323530303033303161643465643934663434636430363966
66396238323231646465323363383063663435383433393666636637373661376131663337343064
33393936326363366464616137633335653937353730663562623866353831333634386265626238
33663934623139653132636534336437376362636230333263663138353237333936646138666132
38666634666465363039313037343162356135643031376566326133303830353934633131326132
36636634373166613266353366663036333562343931353339396261623731633231376237643062
31646137373736666136653635386665383032663861663234373534376364646235316135373434
33383432323131316261326161346164633561383734666535633738633230303766343635386634
64393964623133303939326138373933303832383933663866616561316262356262393963373566
64663634343361343132623338633464363131653461366265306561636433383238363639613833
36373234303730333161616237396161623431633163633932623562306462383834363764343734
34353061666639383962646633396333623064306331643134346433366561613465343666633834
64383339343233313738633636636236343634333736613964363738326138313231623830356266
35643963663433333666653830626435666435663539663063326333313063343232326334333766
37396363366434363435363938313230303562306266313961653635653431336437373838346535
33613563623739653632633530363334343266303434343965306263373739396533643031323466
38306437626332633361646530623262356564396633633531313130303233366361636436303065
35623963663266336239656439343332306337323934386232386364353133356433623661663565
61306564613034613132346366333663386130623232623231376361636164306230376262376639
32363066333165643835336331393939396539353062353830653461616662353065613461623838
39646462353732336566303165316637396332626435313335386137356438643630313564663961
61346137373561343262656466373731333537383138656334303835616533643535333864353237
63633464303630633963393338646331656235666466623064356333346237396465636532383465
62303230393066633836396632396639363162323763396462626235353061343336393763643830
38346364333537333763623662386237613564396265346630373833316566323035376662333239
37623633326265323631636335646431376333653835636232376161326232383762626237383438
39323861356537613332326138643131666339326432313766393431313264653834313361356131
34383761616133663265363439646538623165396164356639313739646362383039383133313131
37646132323032626365323264323366613762326166373961646166393665326666653762373537
32656230353533383238666163393265393536333731313534303832316439316631383935316361
30336632633733633964643038343135356132396635393762393561333036386665396630396632
39336530646139373964376133346462623932333565393032643132653839393161386534386534
61343761373236663536663266363763343334313164376263313637636461363935333562383735
33643139306533333336653636343063313465653234373839646237656437643265313566333861
38383537663564383636356531613438376162663262393461343132346665376238613536666634
65633638306135363939613335353562356165633332336565313865313063623266653866356533
30626665383961636564623838306139323764366237366163326238666666343830646364343562
66653362383639343031633137373564353066386338663832333662636432373762323661623661
36366666306632613363323764653865343738363366343431386338366164393130616262663131
65643538326164383738643231643065616564303231633235613639396636353031346137333333
36343561663365323838396636363766343735363630626465643537363963636261633063336637
35316231383466326463373236346663386262656566326666646334353662306335313732656433
62616136626230343664333066353534623030653931633765306332353662376634366637303630
31353362636663373034323861323030363666663233643834626132643563396635343566613030
31353037646163383730653134623466353034373639356162343062336264306264656463343735
37323136653135326239366233383163363634333064373366636234333630653632393039313665
63616237616266623166616363623465306366353338633731336639376133666365346134646266
63393762386265313863666532373632623663353936633237613361316535633437363961626366
36656132333330353131346332363236383266383833356361663631343632333661623062613639
66313136353838396263383862316237636535383932633830653334336330366161666236396138
39643037353233306532333664666139303665613330346266316363633334373335333863326663
35386237343738323662353462653265323036633038396434333066363139633836323363343963
34623764396566636232613535373436363738356464636163646564323839613433623931396632
65666532666436623138333063633437353163393262626366343962363330326432363035383236
66643565653639353836343734613031646364656137346634653130396338343862333732343630
33346331336232333434323238383862643530653738356464303666633566336636373234623263
62326363376437323536656431616266336239316363653533616664656166383963323861643231
33333966326434393931666238656531366436316366626131333366356666613532656537656433
39633738626236353631303337393731623238643233396634623865393564383434626139633065
34663963343434303964323238353338666235626665636364303163633336366334326134353766
34323833653664336562636363343535646430613735383032333566356133613661376161323035
63353062343836363137623730333033623939616465376165356662313737646235383334333666
64313935646539303531343037323163663930386430366264386465303930323632303666666332
38343035326330623866383936616639356535613837346166303538653737643837303364633963
66356435343136373862663537303134343466656364643539376264326633363263666231303038
32613639333437626535616338363236333931306538383435363864646133613463396365623662
35383535653632623139613339336333666133376435303831303336623432303466623063353738
31616666653730353265626338386562366537316438643863656566346433633661613161643363
61326563316564623165663639386534376338343261333862346162316364323438303363613530
30353730356361643162666431393238343035373064663939373139306463623432656136366539
63333834646436366436653566616665363737346635663939336538303330353039326362393361
36346138623836306662643134363232613261383230376264376163393439663438643461363964
64306361323930636132343137633732366233316231393837366539643639353933616136626137
31393731626236326133373734616633666265616432366663333936303339376335656538373731
66646462306237323236326163666431643763663431306132666562613138323165393465653339
31326666373363623035326561353038623666303430643630633262333833386463633935613333
62333566313363366431393164346539373732353264326466386538356535373064303361613339
36626431323938633165613165346465363862323233613131636464366265386165376331306131
32333162623164636561623365613961356634383439646335326336656561323535316433393666
31336635396437346230613339323265656362393032383635306134653332386137386334613466
65336631323561336363656439376264643038613738376631623038386366666639316635336165
6565
