$ANSIBLE_VAULT;1.1;AES256
37376263613131356135373261373633396136653265383463393438326233343634376131303963
3063373933336164333563333034386636333735653564650a613061633231326438376530626331
63616562623863343637636231353939386661383139303635633463306137633837643239326130
3464386663343964320a393662343965383538303636373238323762396535666332336263336437
39636231363631653431303166363434666230663134633064353933386130386338653066336365
37333136393964613430613461313232323162633066613865393636646431326135376234326261
34653730313061656232343634656639633362396237313334386231383134653961353563353362
31363638626139646636646234336566393137653564373566326430646165363538386663353665
30323963383538326237636537623031383034336136646131313830323935623830316564383261
35653661656139343961633037643061323837373865636438653936633931333034653838363361
36643633386531386137313462623138616335383866396632333963653363333263313132653431
61383931343231343733376263633434306638303937626536333432613637656133616466363637
61373735356263336166646230636431383532323964343131323236303631383262366533323566
64666534326237323631363462356136623466376634616231393835613034646339333063383464
38343930373537316231323636343566303938663938366533653838363236316462623565343739
39346630343937643334636635613835626131646230326639646332346561306639646166343839
37323162653937326130376135313139623961326663613931353834666237323666626236313334
66323534393362643865363235376631636163333132323863323639306536316637323433316562
38313532653635376133393735393733313665356331373331333761386536363630386131313433
33623030363930663564333530373461623630366463653166646436383031393431653331613633
37323330336634386363663665393134616263326536356564383966623138383766623461666163
35376366306363326236333634303639393165303666356466383165666133616138633061343333
64373731333533623363636437393438366565393630666438633732356433636365633861663632
30326330353864616466393666343133356333613133363033613134396161353937373661623764
35646232363432383565646335653537313538323333616130356363313630616635633361376661
64376637383361363731666464316537366437343237633736623039653964646532666434326334
30323432356132333131653034643938353633666536353831306439616565366337356437663638
31373766393563643733663233323931356434366533336465666164363964343066636161343065
36353064393564613166313461336438326139623437646565656362386336643130633465343166
62383961333831303132633164366537323735643231643464306333616365306563376162653939
36356430666666346431323331346465366264643164613737376264343061313631376364373164
31386635623962346665313631303839663362353530623063356230363337393130373664643962
65396262656533353234363831633931633533353165643865373738393833343766656463363230
61303964643031326639323831386534613434333666343337656232343833663532306630363738
33653038626230626230626433626539373933343966636230653938366265326537643437316666
36306130643566663136396235626332666335363335306663343264316664346463623239313236
63643865353633653638336330613935316430336636353566356639353732303563303432313337
34316231346535666238386235316230376264666631323262373664366335316263666631666237
66636337376530373864313333656562633535653561376164396434653032333434636236376132
35363965393364313339386365353963393832666262393830313561393232633934356662336539
37656363303032303463353466633533633239363435333030353564343431386436613530623232
38386362346432643165383732613738626163663338353833386537373261333034343361663162
39656536326231643762663332653434376337343966633333383132623961656332316635303563
33383761636165353538303737636265613038366633303739353930653964323065343636393632
66653530373131363762313733666236653539306634653962323030623634343733326265316230
37643561356366623965326239346463633639333433346233323365303235383736646665386636
64363962346235396235353131333537343732623133356364346362643530653565656461663761
31336331656634383231663463633963636632393633346639323736656233326362323234663539
65643664343065366333313730386439383661623062343164393139653534343131346135303739
66356364396361353962353435303636383932626466636330363636653237316362333933636137
37383435366534336461363834646265323036626531353831303961626536323062646262346335
37343964336231646433656266353366613463383666353066383731633632306363646336663635
33633261663638306637333937346362643761336331353963343764616637636365653339386364
34326166353132356461383166623538656135373030623362633938393033363736383764316239
64313339646635623731323664393534323436343834613237363535343066633638343432633433
35633465303732623264343730653838653138643338633632316335306665373130663965363138
64653961386633393937663861346166623839326230396333643166386262306333333932663236
37313931346464313764633431653734386365323066613566323438323162346633656561653865
35353033373034333233393837666238313632636235613737636333393230643262316235613032
30613132666539336334646665363836626132356262386464616435323762363337363230353331
35636132313963333333366438323836326138346162636566346134313563306539313366343330
30653864613433396630333137313561316634353933623162386436393337663063356433333835
32363366626562383432363439663435376561383431313564653437396631393238313336343564
34356662333236333732333935393564356361633630663965613661363032353536356437396166
64613537313862633235646566303730316665643765346262333633393732663530613861653164
33326463656631353232373666633038393466343361393936663561346564353465323139316137
65336431656465663565653636316634616238363634313061363332363734323232666439373239
30643336646661613839356262666634653136656464623036356336306161346230633734316538
62353132623761623630653836356265373162376430643835613036313839356238376338363864
33343031376662386364333461653932363765666538343164336632623665333938613534393465
38653766666635623939386530653962366635376436383832363064386439343261666632373938
34323833356432663734363762613839313162323764353663343138326334343066656634316433
36336462343330383164373665623731633931373566343132626136343761373063363934316464
36663030666432313662643931666566333836343836393865323835313564343664626666396135
64636666383062376564386165643435373865346236353637386431336433303832643161666433
34613635623935303735623665306161666334313665646133376434613930353664396435383035
65336635636134613139343030656165323932376637353135396134326435383631643930653035
65663261623164323931316166323939343633643635333562613166653630336239346235653530
30623537303365643632623734316336363163626461353930326539323235626136346264363933
63383966306631346338336536633434303831656438336363613162386338633261333662636337
30346266386363616466376135666262386630363330313563366264633437333662336538393637
66653232633362363938613435643033613331303737663738326136323231396563656139373130
38376362306630336163616466613430346534646461643636313464383835663032346461346337
62346262656137383766303662653034633163353038613630373433303031313833356463646266
36396437353664616436383935653635633962303139386531383062353230343062363134373562
34393938626633373737373439343861616163633734383561623535333930663637646536313761
36643661353436313963626538633933376333663132616163333866643035636131343837376461
39386332313932666336646434663866363831373331373837303661653539323264636665336364
31646263653834663663313331636139376466303134313462383666333730313036396437303035
63323366646137646562616432373830313166373735306464653432393436333130646262373363
31376239343832376166343535373866623530346632363534306539396662626534613066313363
34366133386665373736393738613734356236363365653633303139623062623736663861393562
37303738636433396163643632353732313635326231333965366232366362633936343334653763
35613539326261346534306364316431666362346633356366316663643966353732653837623733
37343137393235303335373566663234636439633430323530366130656534636566306431623163
34613132353436663062336435303966383462633362396330316432366430373862383136363064
38396237636561343363343738623065646331656139613065303836366161636132363439323966
30663936363631623530313032393531363032323064336263376330363364306532386461633865
35633632363833313863313935363538613636363531353036313935363265666236396233363534
65643565616633393365373836393165616162333637366230343564356462383938633830333232
36316433376165343835346430356361616136326637326461396166386163376165376466326366
32373861666430626161333637366639396239323732356435383739333066643336306535653931
32343539343762303131616336373234616632313939383239336335376536636663393832343031
39343436313631383364626335323039346466386266393138323032656164653234643436363166
3730
