$ANSIBLE_VAULT;1.1;AES256
36366233653864646338396530363535306637626139663939386265356435666165663337666161
6630346561353636396263653839356236613561336639650a376166663033306462373162653435
38303033386266313338633864633562336165353763316163393461336435353936333265633630
3934633335623561370a313639383165343633353232616462653761326462303037303466633136
37313066343738373466326463383232656364303861623565386239363966306363306236323866
61306130386164613238343866326333336463313761613565666261663435353262636362636263
39643639313361616134373231663665363565393962306661626438356464376531316134343166
33303239643166643039333863646361376132313932376133343865613631346436313339623839
33303334313666366430663630346534666630643135376131336334393138663234643432323930
37633266626535336136316566393463663764373734616434666436343063303034306537383564
38626239623862313864303536306630333366383062323862396233643638396338356131383039
39663035313333633062396332366265383566343764306231363631353162633439306662326565
3533
