$ANSIBLE_VAULT;1.1;AES256
39656632343264373535363639346434393232626431366566346631633765376665626339306465
6466646539613166636266666331613463353164363234330a636132396231363065633966343362
36383062346564633636386130373234383061366261386234306262313937653832663065396663
6161633830343435620a316361356338333137306166613731396566663936313061666130393164
61386633343831646537636335373736646333363936326563653163653934633264353536303163
37316230356466316130653861393032396262313036626535663261623731336165653539343337
31373730323762663932636437366339623463353730613132636633613132616363613163666137
63623161336166613232303232366536643062313463636537636433633034323235313036653232
39663432366431633365666333393762383036333039336663323030346233316664636338623763
34336664353135623235346537356532303435343139316365643934643338303633653730626462
32623062373935386563336236363736643261633435383232373538633034366265616462303132
37353961616333383465646134376336323666376633346465663264356231353238636630643039
30333535353437356531306462396439363535303165663765623364366639623034396563663364
63666437373931656663626264333865316534323561613835636666643061343864316131376631
32613231363338343939613830663566656164353833313862316463633634643165393735666533
63326232326132643938363563323134373238636234666533316638356335333562383232396539
36356363623830336562376536316564313439366161393737343835306164643631316666373237
33663537303537623664653534386162313763613161633734316239613464613030326161353261
31393438343430353238666664313837663430656265353664353364326536623761373936326165
65663664376633343436653236313066656639383433333838343632346238613837383765626463
63643031396663363131333831303032643536323338643937653538383733353664663036313466
31623130613961386664353231326139343437363064313062373635353737396135623737356461
37646132316166663437636261333437663765366161616432353565393135663164323539643361
64626532386435356639386138363532366530663938636634336639633430643638343562323335
64663365396438663633656639636430616539653665386233616430353761663530386262396363
35303666656538383265333639616361343839363736353865646664313366306437343830306362
31343261386234626539323765326430303933336164356534366161636537653133356566623036
65376331383862313432383436326538333737313438343066646533633837653135326638663138
35386262366236303535643938353839396534613563616135383031356237323533363937333739
34323332376134333063636133663564313962376237316631633634333761356466316133643232
61623465363064363131616565323538316139626636623731616265656137373831343661636332
35323364616438323165303530613238663662646362376265313865346561616138333937663762
35393564353066613763303066353633623435323537313438336639333335366566333631306535
31643965656664333437303533323732623135353232353061613262616464393936363164656431
32306565363032313461653561626431383730666131326633323935613935646536396138326364
64323830343737343562616235366363306566616630323234336463306361306534663862343765
38346235613336626137613166373463643461383633366538636263613633653964643764363464
63373932323030343834666239623638353266386164643830356462373531396561613937626537
34343636666439633932356537393239623237613438356561303664656335303732306234643166
32386437656565623835303035306230326662666539333736363266643263346634373162346266
30333462633636386238376361333933366265303763636631333066346339306564643136336564
30623038306266623931316266353066386238616232623363353361386335393837343332343438
66656565373531633638343936653639396537623361303436666665643564383732346334636261
63613361383936646635386162383932366334646533626561646364383164623136356163383033
36343962306466326634356561653736343964616163663231626335396533633836336438386262
32333131646137613266396365616632323730373732666164376630613032313564656363646137
32343938643936326233313766306261636539316466363531313761623565656663633838343037
36303162616431613237343631346535323434396430643439636537633031396664393065333430
37376338323035613839616530376262613734646236623166313666383238343563623966376131
37376331366661363561313234353935366664633062303466626265323830313937346637646236
37626231313934653438636465666336393065666333613466343638366563316361363830353864
62623938616464623132333164623534663537386232333939333264356565613038303430323835
32346464316331336266613932663835316133323865326461623732313034363439663839623361
39653362386238373532316335653830393565363235353338303133646335373932646138663561
66336637336336366462616265656466643063343032343831643734333034383864393364373262
61343239326264303538666438633062306133356263666437656466626335373830356137616432
36333431633961386439656339306366393465336438653561663339326130393266393762613732
3339326663643032646230376135633930646235396635363034
